=== Predefined 100 Loop OTP Codes for Mobile Logins ===
Sender Number: 9123585284

Index | OTP Code
------|---------
0     | 203001
1     | 203002
2     | 203003
3     | 203004
4     | 203005
5     | 203006
6     | 203007
7     | 203008
8     | 203009
9     | 203010
10    | 203011
11    | 203012
12    | 203013
13    | 203014
14    | 203015
15    | 203016
16    | 203017
17    | 203018
18    | 203019
19    | 203020
20    | 203021
21    | 203022
22    | 203023
23    | 203024
24    | 203025
25    | 203026
26    | 203027
27    | 203028
28    | 203029
29    | 203030
30    | 203031
31    | 203032
32    | 203033
33    | 203034
34    | 203035
35    | 203036
36    | 203037
37    | 203038
38    | 203039
39    | 203040
40    | 203041
41    | 203042
42    | 203043
43    | 203044
44    | 203045
45    | 203046
46    | 203047
47    | 203048
48    | 203049
49    | 203050
50    | 203051
51    | 203052
52    | 203053
53    | 203054
54    | 203055
55    | 203056
56    | 203057
57    | 203058
58    | 203059
59    | 203060
60    | 203061
61    | 203062
62    | 203063
63    | 203064
64    | 203065
65    | 203066
66    | 203067
67    | 203068
68    | 203069
69    | 203070
70    | 203071
71    | 203072
72    | 203073
73    | 203074
74    | 203075
75    | 203076
76    | 203077
77    | 203078
78    | 203079
79    | 203080
80    | 203081
81    | 203082
82    | 203083
83    | 203084
84    | 203085
85    | 203086
86    | 203087
87    | 203088
88    | 203089
89    | 203090
90    | 203091
91    | 203092
92    | 203093
93    | 203094
94    | 203095
95    | 203096
96    | 203097
97    | 203098
98    | 203099
99    | 203100
